99.6767410952007	38.0344167334638
99.6767069296198	38.0344212833819
99.6766731594648	38.0344258333034
99.676639399313	38.0344303832273
99.6766056391643	38.0344349331538
99.6765718690187	38.0344394830826
99.6765381088762	38.0344440330139
99.6765043487368	38.0344485829476
99.6764705786005	38.0344531328838
99.6764368184674	38.0344576828223
99.6764030583373	38.0344622327634
99.6763692882103	38.0344667827069
99.6763355280864	38.0344713326528
99.6763017679656	38.0344758726012
99.6762680078479	38.0344804225519
99.6762342677335	38.0344849725052
99.6762002076213	38.0344880124609
99.6761661675125	38.0344910524191
99.6761321274068	38.0344940923798
99.6760981273044	38.0344971223431
99.6760638972045	38.0344995823087
99.676029657108	38.0345020522768
99.6759954270145	38.0345045122475
99.6759611969243	38.0345069722207
99.6759269568372	38.0345094421962
99.6758927267533	38.0345119021745
99.6758584966725	38.0345143721551
99.675824256595	38.0345168321382
99.6757900265207	38.0345192921239
99.6757557964495	38.0345217621121
99.6757215563814	38.0345242221028
99.6756873263167	38.0345266820959
99.6756530962549	38.0345291520916
99.6756188561965	38.0345316120897
99.6755846261412	38.0345340820903
99.6755503960891	38.0345365420936
99.6755161560401	38.0345390020992
99.6754819259944	38.0345414721073
99.6754476959517	38.034543932118
99.6754134559122	38.0345463921312
99.675379225876	38.0345488621468
99.6753449958429	38.034551322165
99.6753107558131	38.0345537821857
99.6752765257863	38.0345562522088
99.6752422957626	38.0345587122344
99.6752080557422	38.0345611822625
99.675173825725	38.0345636422932
99.6751395957111	38.0345661023263
99.6751053557	38.0345685723619
99.6750711256924	38.0345710324
99.6750368956878	38.0345734924406
99.6750026556863	38.0345759624837
99.6749684256881	38.0345784225294
99.674934195693	38.0345808925774
99.6748999557012	38.034583352628
99.6748657257124	38.0345858126811
99.6748314957268	38.0345882827367
99.6747972557444	38.0345907427947
99.6747630257651	38.0345932028552
99.6747287957892	38.0345956729183
99.6746945558162	38.0345981329838
99.6746603258465	38.0346005930518
99.6746260958798	38.0346030631223
99.6745918559163	38.0346055231954
99.6745576259561	38.0346079932708
99.674523395999	38.0346104533488
99.6744891560452	38.0346129134292
99.6744549260943	38.0346153835122
99.6744206961466	38.0346178435976
99.6743864562021	38.0346203036856
99.6743522262608	38.0346227737759
99.6743179963228	38.0346252338688
99.6742837563877	38.0346276939642
99.6742495264559	38.0346301640621
99.6742152965271	38.0346326241624
99.6741810566016	38.0346350942653
99.6741468266792	38.0346375543706
99.6741125967599	38.0346400144784
99.6740783568439	38.0346424845887
99.6740441269309	38.0346449447015
99.6740098970211	38.0346474048167
99.6739756571145	38.0346498749345
99.6739414272111	38.0346523350546
99.6739071973108	38.0346548051773
99.6738729574135	38.0346572653025
99.6738387275195	38.0346597254302
99.6738044976286	38.0346621955603
99.6737702577409	38.0346646556929
99.6737360278563	38.034667115828
99.6737017979749	38.0346695859655
99.6736675580967	38.0346720461056
99.6736333282214	38.0346745062482
99.6735990983495	38.0346769763931
99.6735648584806	38.0346794365406
99.673530628615	38.0346819066906
99.6734963987523	38.034684366843
99.6734621588929	38.034686826998
99.6734279290367	38.0346892971553
99.6733936991834	38.0346917573151
99.6733594593335	38.0346942174775
99.6733252294867	38.0346966876423
99.6732909996429	38.0346991478096
99.6732567598023	38.0347016179794
99.6732225299648	38.0347040781515
99.6731883001305	38.0347065383262
99.6731540602994	38.0347090085034
99.6731198304714	38.0347114686831
99.6730856006465	38.0347139288652
99.6730513608248	38.0347163990498
99.6730171310061	38.0347188592368
99.6729828911906	38.0347213194264
99.6729486613782	38.0347237896183
99.672914431569	38.0347262498128
99.6728801917631	38.0347287200097
99.67284596196	38.0347311802091
99.6728117321601	38.034733640411
99.6727774923635	38.0347361106153
99.6727432625699	38.0347385708221
99.6727090327795	38.0347410310314
99.6726747929922	38.0347435012431
99.672640563208	38.0347459614573
99.672606333427	38.0347484316739
99.672572093649	38.0347508918931
99.6725378638742	38.0347533521146
99.6725036341026	38.0347558223386
99.6724693943341	38.0347582825652
99.6724351645686	38.0347607427942
99.6724009348063	38.0347632130256
99.6723666950472	38.0347656732595
99.6723324652911	38.0347681334958
99.6722982355383	38.0347706037347
99.6722639957884	38.034773063976
99.6722297660417	38.0347755342197
99.6721955262982	38.0347779944659
99.6721612965577	38.0347804547146
99.6721270668204	38.0347829249656
99.6720928270863	38.0347853852193
99.6720585973553	38.0347878454752
99.6720243676272	38.0347903157337
99.6719901279024	38.0347927759947
99.6719558981806	38.034795246258
99.671921668462	38.0347977065239
99.6718874287466	38.0348001667922
99.6718531990342	38.034802637063
99.6718189693249	38.0348050973361
99.6717847296188	38.0348075576118
99.6717504999156	38.03481002789
99.6717162702157	38.0348124881705
99.671682030519	38.0348149484536
99.6716478008252	38.0348174187391
99.6716135611346	38.034819879027
99.6715793314472	38.0348223493174
99.6715451017627	38.0348248096102
99.6715108620814	38.0348272699056
99.6714766324033	38.0348297402032
99.6714424027282	38.0348322005034
99.6714081630564	38.034834660806
99.6713739333874	38.0348371311111
99.6713397037216	38.0348395914186
99.671305464059	38.0348420517286
99.6712712343994	38.0348445220409
99.6712370047431	38.0348469823558
99.6712027650898	38.0348494526731
99.6711685354395	38.0348519129929
99.6711342957924	38.0348543733151
99.6711000661485	38.0348568436397
99.6710658365074	38.0348593039668
99.6710315968696	38.0348617642963
99.6709973672349	38.0348642346283
99.6709631376031	38.0348666949626
99.6709288979747	38.0348691652995
99.6708946683492	38.0348716256388
99.6708604387268	38.0348740859804
99.6708261991077	38.0348765563247
99.6707919694914	38.0348790166712
99.6707577398783	38.0348814770203
99.6707235002684	38.0348839473718
99.6706892706615	38.0348864077257
99.6706550310577	38.0348888680821
99.6706208014571	38.0348913384409
99.6705865718594	38.034893798802
99.6705523322648	38.0348962691657
99.6705181026734	38.0348987295318
99.6704838730851	38.0349011899003
99.6704496334999	38.0349036602713
99.6704154039176	38.0349061206447
99.6703811743384	38.0349085810205
99.6703469347625	38.0349110513988
99.6703127051896	38.0349135117795
99.6702784656198	38.0349159821627
99.6702442360531	38.0349184425482
99.6702100064893	38.0349209029361
99.6701757669288	38.0349233733266
99.6701415373712	38.0349258337194
99.6701073078167	38.0349282941147
99.6700730682654	38.0349307645124
99.6700388387172	38.0349332249125
99.6700046091719	38.034935685315
99.6699703696299	38.0349381557201
99.6699361400907	38.0349406161275
99.6699019005548	38.0349430865374
99.6698676710219	38.0349455469496
99.6698334414921	38.0349480073642
99.6697992019654	38.0349504777814
99.6697649724417	38.0349529382009
99.669730742921	38.0349553986228
99.6696965034035	38.0349578690472
99.669662273889	38.0349603294739
99.6696280343778	38.0349627999032
99.6695938048694	38.0349652603349
99.6695595753641	38.0349677207689
99.6695253358619	38.0349701912054
99.6694911063628	38.0349726516443
99.6694568768667	38.0349751120856
99.6694226373738	38.0349775825293
99.6693884078838	38.0349800429754
99.6693541783969	38.034982503424
99.6693199389132	38.0349849738751
99.6692857094324	38.0349874343284
99.6692514699548	38.0349899047843
99.6692172404802	38.0349923652424
99.6691830110086	38.034994825703
99.6691487715402	38.0349972961661
99.6691145420747	38.0349997566316
99.6690803126122	38.0350022170994
99.669046073153	38.0350046875697
99.6690118436967	38.0350071480424
99.6689776042436	38.0350096185175
99.6689433747934	38.035012078995
99.6689091453462	38.0350145394749
99.6688749059022	38.0350170099573
99.6688406764612	38.035019470442
99.6688064470233	38.0350219309291
99.6687722075884	38.0350244014188
99.6687379781566	38.0350268619106
99.6687037387278	38.0350293224051
99.6686695093021	38.0350317929018
99.6686352798792	38.035034253401
99.6686010404596	38.0350367239026
99.6685668110431	38.0350391844066
99.6685325816295	38.0350416449129
99.6684983422191	38.0350441154218
99.6684641128115	38.0350465759329
99.6684298734073	38.0350490364466
99.6683956440058	38.0350515069626
99.6683614146073	38.0350539674809
99.6683271752123	38.0350564380018
99.6682929458199	38.0350588985249
99.6682587164307	38.0350613590504
99.6682244770445	38.0350638295785
99.6681902476614	38.0350662901089
99.6681560082814	38.0350687506417
99.6681217789041	38.0350712211768
99.6680875495301	38.0350736817143
99.6680533101592	38.0350761422544
99.6680190807912	38.0350786127967
99.6679848514261	38.0350810733414
99.6679506120645	38.0350835438886
99.6679163827055	38.0350860044381
99.6678821433497	38.0350884649901
99.6678479139969	38.0350909355443
99.667813684647	38.035093396101
99.6677794453004	38.0350958566603
99.6677452159567	38.0350983272216
99.6677109766161	38.0351007877856
99.6676767472783	38.0351032483519
99.6676425179436	38.0351057189204
99.6676082786121	38.0351081794915
99.6675740492835	38.0351106500649
99.6675398199579	38.0351131106407
99.6675055806353	38.035115571219
99.6674713513157	38.0351180417995
99.6674371119993	38.0351205023825
99.6674028826857	38.0351229629678
99.6673686533754	38.0351254335555
99.6673344140679	38.0351278941457
99.6673001847635	38.0351303647382
99.6672659554619	38.0351328253329
99.6672317161636	38.0351352859303
99.6671974868682	38.0351377565299
99.667163247576	38.035140217132
99.6671290182865	38.0351426777363
99.667094789	38.035145148343
99.6670605497169	38.0351476089522
99.6670263204364	38.0351500695637
99.6669920811592	38.0351525401777
99.6669578518848	38.0351550007939
99.6669236226135	38.0351574714125
99.6668893833453	38.0351599320336
99.6668551540799	38.0351623926569
99.6668209148179	38.0351648632828
99.6667866855585	38.0351673239109
99.666752456302	38.0351697845413
99.666718217049	38.0351722551743
99.6666839877986	38.0351747158095
99.6666497585513	38.035177186447
99.6666155193071	38.0351796470871
99.6665812900658	38.0351821077294
99.6665470508276	38.0351845783742
99.6665128215922	38.0351870390212
99.6664786323591	38.0351892596699
99.6664444931277	38.0351914703199
99.6664103538993	38.0351936809724
99.6663762146739	38.0351958916273
99.6663420754516	38.0351981022844
99.6663080162303	38.0352003129423
99.6662737070181	38.0352012436079
99.6662394778071	38.0352021842742
99.6662052385992	38.0352031149431
99.6661710093943	38.035204045614
99.6661367801921	38.0352049762875
99.6661026209913	38.0352059069618
99.6660682917977	38.035206407642
99.6660340526049	38.0352069083228
99.6659998034154	38.0352074090062
99.665965554229	38.0352079096919
99.6659313050454	38.03520841038
99.6658970558648	38.0352089110703
99.6658628166868	38.0352094217629
99.6658285675122	38.035209922458
99.6657943183406	38.0352104231555
99.6657600691719	38.0352109238554
99.6657600691719	38.0352109238554
99.6657326145069	38.0350377304178
99.6656892808997	38.0352113953095
